A = [5 2 4; 1 7 -3; 6 -10 0];
B = [11 5 -3; 0 -12 4; 2 6 1];
C = [7 14 1; 10 3 -2; 8 -5 9];

a=A + B
b=B + A


c=A + (B + C)
d=(A + B) + C

e=5*(A + C)
f=5*A + 5*C

